# m,M ->b,B
# Z' mass 300GeV
# x-axis: "Sqrt(S)"  from 20.000000 to 800.000000 N_points= 200
# Asymmetry
2.000000E+01 -6.778594E-02
2.391960E+01 -1.062699E-01
2.783920E+01 -1.529527E-01
3.175879E+01 -2.077937E-01
3.567839E+01 -2.701579E-01
3.959799E+01 -3.383541E-01
4.351759E+01 -4.090671E-01
4.743719E+01 -4.768376E-01
5.135678E+01 -5.339406E-01
5.527638E+01 -5.711756E-01
5.919598E+01 -5.799104E-01
6.311558E+01 -5.549552E-01
6.703518E+01 -4.968384E-01
7.095477E+01 -4.119300E-01
7.487437E+01 -3.101983E-01
7.879397E+01 -2.020215E-01
8.271357E+01 -9.577215E-02
8.663317E+01 3.112421E-03
9.055276E+01 9.189302E-02
9.447236E+01 1.697833E-01
9.839196E+01 2.371796E-01
1.023116E+02 2.950733E-01
1.062312E+02 3.446729E-01
1.101508E+02 3.871910E-01
1.140704E+02 4.237333E-01
1.179899E+02 4.552890E-01
1.219095E+02 4.826636E-01
1.258291E+02 5.065457E-01
1.297487E+02 5.274972E-01
1.336683E+02 5.459737E-01
1.375879E+02 5.623399E-01
1.415075E+02 5.768824E-01
1.454271E+02 5.898200E-01
1.493467E+02 6.013093E-01
1.532663E+02 6.114495E-01
1.571859E+02 6.202816E-01
1.611055E+02 6.277854E-01
1.650251E+02 6.338718E-01
1.689447E+02 6.383698E-01
1.728643E+02 6.410064E-01
1.767839E+02 6.413781E-01
1.807035E+02 6.389103E-01
1.846231E+02 6.328013E-01
1.885427E+02 6.219476E-01
1.924623E+02 6.048470E-01
1.963819E+02 5.794832E-01
2.003015E+02 5.432065E-01
2.042211E+02 4.926601E-01
2.081407E+02 4.238634E-01
2.120603E+02 3.326700E-01
2.159799E+02 2.159371E-01
2.198995E+02 7.372022E-02
2.238191E+02 -8.773526E-02
2.277387E+02 -2.538093E-01
2.316583E+02 -4.030919E-01
2.355779E+02 -5.143376E-01
2.394975E+02 -5.752901E-01
2.434171E+02 -5.866963E-01
2.473367E+02 -5.590915E-01
2.512563E+02 -5.063410E-01
2.551759E+02 -4.407201E-01
2.590955E+02 -3.709952E-01
2.630151E+02 -3.025425E-01
2.669347E+02 -2.382244E-01
2.708543E+02 -1.792888E-01
2.747739E+02 -1.260448E-01
2.786935E+02 -7.830313E-02
2.826131E+02 -3.563957E-02
2.865327E+02 2.456663E-03
2.904523E+02 3.650424E-02
2.943719E+02 6.699125E-02
2.982915E+02 9.435893E-02
3.022111E+02 1.189972E-01
3.061307E+02 1.412463E-01
3.100503E+02 1.614009E-01
3.139698E+02 1.797151E-01
3.178894E+02 1.964080E-01
3.218090E+02 2.116686E-01
3.257286E+02 2.256597E-01
3.296482E+02 2.385225E-01
3.335678E+02 2.503789E-01
3.374874E+02 2.613353E-01
3.414070E+02 2.714843E-01
3.453266E+02 2.809067E-01
3.492462E+02 2.896735E-01
3.531658E+02 2.978471E-01
3.570854E+02 3.054826E-01
3.610050E+02 3.126287E-01
3.649246E+02 3.193286E-01
3.688442E+02 3.256207E-01
3.727638E+02 3.315393E-01
3.766834E+02 3.371152E-01
3.806030E+02 3.423758E-01
3.845226E+02 3.473459E-01
3.884422E+02 3.520477E-01
3.923618E+02 3.565013E-01
3.962814E+02 3.607250E-01
4.002010E+02 3.647353E-01
4.041206E+02 3.685472E-01
4.080402E+02 3.721743E-01
4.119598E+02 3.756292E-01
4.158794E+02 3.789232E-01
4.197990E+02 3.820668E-01
4.237186E+02 3.850695E-01
4.276382E+02 3.879402E-01
4.315578E+02 3.906869E-01
4.354774E+02 3.933172E-01
4.393970E+02 3.958378E-01
4.433166E+02 3.982552E-01
4.472362E+02 4.005753E-01
4.511558E+02 4.028035E-01
4.550754E+02 4.049449E-01
4.589950E+02 4.070043E-01
4.629146E+02 4.089859E-01
4.668342E+02 4.108939E-01
4.707538E+02 4.127322E-01
4.746734E+02 4.145041E-01
4.785930E+02 4.162132E-01
4.825126E+02 4.178624E-01
4.864322E+02 4.194548E-01
4.903518E+02 4.209930E-01
4.942714E+02 4.224795E-01
4.981910E+02 4.239169E-01
5.021106E+02 4.253074E-01
5.060302E+02 4.266531E-01
5.099497E+02 4.279559E-01
5.138693E+02 4.292179E-01
5.177889E+02 4.304407E-01
5.217085E+02 4.316262E-01
5.256281E+02 4.327757E-01
5.295477E+02 4.338910E-01
5.334673E+02 4.349733E-01
5.373869E+02 4.360240E-01
5.413065E+02 4.370445E-01
5.452261E+02 4.380358E-01
5.491457E+02 4.389993E-01
5.530653E+02 4.399358E-01
5.569849E+02 4.408466E-01
5.609045E+02 4.417326E-01
5.648241E+02 4.425946E-01
5.687437E+02 4.434337E-01
5.726633E+02 4.442506E-01
5.765829E+02 4.450462E-01
5.805025E+02 4.458212E-01
5.844221E+02 4.465764E-01
5.883417E+02 4.473124E-01
5.922613E+02 4.480300E-01
5.961809E+02 4.487297E-01
6.001005E+02 4.494123E-01
6.040201E+02 4.500782E-01
6.079397E+02 4.507280E-01
6.118593E+02 4.513623E-01
6.157789E+02 4.519816E-01
6.196985E+02 4.525863E-01
6.236181E+02 4.531770E-01
6.275377E+02 4.537540E-01
6.314573E+02 4.543179E-01
6.353769E+02 4.548690E-01
6.392965E+02 4.554077E-01
6.432161E+02 4.559344E-01
6.471357E+02 4.564495E-01
6.510553E+02 4.569534E-01
6.549749E+02 4.574463E-01
6.588945E+02 4.579286E-01
6.628141E+02 4.584006E-01
6.667337E+02 4.588627E-01
6.706533E+02 4.593150E-01
6.745729E+02 4.597579E-01
6.784925E+02 4.601916E-01
6.824121E+02 4.606165E-01
6.863317E+02 4.610327E-01
6.902513E+02 4.614405E-01
6.941709E+02 4.618402E-01
6.980905E+02 4.622319E-01
7.020101E+02 4.626159E-01
7.059296E+02 4.629923E-01
7.098492E+02 4.633614E-01
7.137688E+02 4.637235E-01
7.176884E+02 4.640785E-01
7.216080E+02 4.644269E-01
7.255276E+02 4.647686E-01
7.294472E+02 4.651039E-01
7.333668E+02 4.654330E-01
7.372864E+02 4.657560E-01
7.412060E+02 4.660731E-01
7.451256E+02 4.663844E-01
7.490452E+02 4.666901E-01
7.529648E+02 4.669902E-01
7.568844E+02 4.672850E-01
7.608040E+02 4.675746E-01
7.647236E+02 4.678590E-01
7.686432E+02 4.681385E-01
7.725628E+02 4.684131E-01
7.764824E+02 4.686829E-01
7.804020E+02 4.689481E-01
7.843216E+02 4.692088E-01
7.882412E+02 4.694651E-01
7.921608E+02 4.697170E-01
7.960804E+02 4.699648E-01
8.000000E+02 4.702084E-01
