# m,M ->b,B
# Z' mass 300GeV
# x-axis: "Sqrt(S)"  from 20.000000 to 800.000000 N_points= 200
# Cross Section [pb]
2.000000E+01 8.104352E+01
2.391960E+01 5.747791E+01
2.783920E+01 4.288887E+01
3.175879E+01 3.340341E+01
3.567839E+01 2.701654E+01
3.959799E+01 2.264460E+01
4.351759E+01 1.968231E+01
4.743719E+01 1.779521E+01
5.135678E+01 1.682346E+01
5.527638E+01 1.674604E+01
5.919598E+01 1.769074E+01
6.311558E+01 2.000179E+01
6.703518E+01 2.442128E+01
7.095477E+01 3.255976E+01
7.487437E+01 4.825741E+01
7.879397E+01 8.235561E+01
8.271357E+01 1.754761E+02
8.663317E+01 5.896529E+02
9.055276E+01 7.132613E+03
9.447236E+01 1.144858E+03
9.839196E+01 2.721427E+02
1.023116E+02 1.201769E+02
1.062312E+02 6.839645E+01
1.101508E+02 4.459741E+01
1.140704E+02 3.162494E+01
1.179899E+02 2.372472E+01
1.219095E+02 1.852451E+01
1.258291E+02 1.489769E+01
1.297487E+02 1.225284E+01
1.336683E+02 1.025450E+01
1.375879E+02 8.700559E+00
1.415075E+02 7.463050E+00
1.454271E+02 6.457645E+00
1.493467E+02 5.626836E+00
1.532663E+02 4.930257E+00
1.571859E+02 4.338865E+00
1.611055E+02 3.831318E+00
1.650251E+02 3.391638E+00
1.689447E+02 3.007681E+00
1.728643E+02 2.670094E+00
1.767839E+02 2.371605E+00
1.807035E+02 2.106519E+00
1.846231E+02 1.870364E+00
1.885427E+02 1.659645E+00
1.924623E+02 1.471658E+00
1.963819E+02 1.304375E+00
2.003015E+02 1.156357E+00
2.042211E+02 1.026717E+00
2.081407E+02 9.151068E-01
2.120603E+02 8.217424E-01
2.159799E+02 7.474660E-01
2.198995E+02 6.938566E-01
2.238191E+02 6.634015E-01
2.277387E+02 6.597561E-01
2.316583E+02 6.881289E-01
2.355779E+02 7.558556E-01
2.394975E+02 8.732643E-01
2.434171E+02 1.055002E+00
2.473367E+02 1.322113E+00
2.512563E+02 1.705388E+00
2.551759E+02 2.250932E+00
2.590955E+02 3.029767E+00
2.630151E+02 4.155155E+00
2.669347E+02 5.815509E+00
2.708543E+02 8.341042E+00
2.747739E+02 1.234973E+01
2.786935E+02 1.910053E+01
2.826131E+02 3.146802E+01
2.865327E+02 5.716900E+01
2.904523E+02 1.228008E+02
2.943719E+02 3.716519E+02
2.982915E+02 3.017057E+03
3.022111E+02 2.248708E+03
3.061307E+02 3.924276E+02
3.100503E+02 1.596000E+02
3.139698E+02 8.848324E+01
3.178894E+02 5.739582E+01
3.218090E+02 4.090880E+01
3.257286E+02 3.103730E+01
3.296482E+02 2.461316E+01
3.335678E+02 2.017046E+01
3.374874E+02 1.695245E+01
3.414070E+02 1.453504E+01
3.453266E+02 1.266488E+01
3.492462E+02 1.118264E+01
3.531658E+02 9.983801E+00
3.570854E+02 8.997340E+00
3.610050E+02 8.173546E+00
3.649246E+02 7.476710E+00
3.688442E+02 6.880606E+00
3.727638E+02 6.365594E+00
3.766834E+02 5.916707E+00
3.806030E+02 5.522364E+00
3.845226E+02 5.173481E+00
3.884422E+02 4.862839E+00
3.923618E+02 4.584641E+00
3.962814E+02 4.334183E+00
4.002010E+02 4.107608E+00
4.041206E+02 3.901733E+00
4.080402E+02 3.713904E+00
4.119598E+02 3.541896E+00
4.158794E+02 3.383829E+00
4.197990E+02 3.238105E+00
4.237186E+02 3.103358E+00
4.276382E+02 2.978414E+00
4.315578E+02 2.862258E+00
4.354774E+02 2.754009E+00
4.393970E+02 2.652899E+00
4.433166E+02 2.558254E+00
4.472362E+02 2.469483E+00
4.511558E+02 2.386064E+00
4.550754E+02 2.307533E+00
4.589950E+02 2.233480E+00
4.629146E+02 2.163537E+00
4.668342E+02 2.097377E+00
4.707538E+02 2.034705E+00
4.746734E+02 1.975257E+00
4.785930E+02 1.918794E+00
4.825126E+02 1.865099E+00
4.864322E+02 1.813978E+00
4.903518E+02 1.765252E+00
4.942714E+02 1.718761E+00
4.981910E+02 1.674355E+00
5.021106E+02 1.631901E+00
5.060302E+02 1.591274E+00
5.099497E+02 1.552362E+00
5.138693E+02 1.515060E+00
5.177889E+02 1.479273E+00
5.217085E+02 1.444911E+00
5.256281E+02 1.411892E+00
5.295477E+02 1.380143E+00
5.334673E+02 1.349591E+00
5.373869E+02 1.320172E+00
5.413065E+02 1.291826E+00
5.452261E+02 1.264497E+00
5.491457E+02 1.238132E+00
5.530653E+02 1.212682E+00
5.569849E+02 1.188101E+00
5.609045E+02 1.164348E+00
5.648241E+02 1.141382E+00
5.687437E+02 1.119166E+00
5.726633E+02 1.097664E+00
5.765829E+02 1.076845E+00
5.805025E+02 1.056676E+00
5.844221E+02 1.037129E+00
5.883417E+02 1.018176E+00
5.922613E+02 9.997921E-01
5.961809E+02 9.819523E-01
6.001005E+02 9.646337E-01
6.040201E+02 9.478147E-01
6.079397E+02 9.314747E-01
6.118593E+02 9.155943E-01
6.157789E+02 9.001550E-01
6.196985E+02 8.851395E-01
6.236181E+02 8.705313E-01
6.275377E+02 8.563145E-01
6.314573E+02 8.424744E-01
6.353769E+02 8.289968E-01
6.392965E+02 8.158681E-01
6.432161E+02 8.030757E-01
6.471357E+02 7.906072E-01
6.510553E+02 7.784512E-01
6.549749E+02 7.665965E-01
6.588945E+02 7.550325E-01
6.628141E+02 7.437492E-01
6.667337E+02 7.327370E-01
6.706533E+02 7.219866E-01
6.745729E+02 7.114893E-01
6.784925E+02 7.012367E-01
6.824121E+02 6.912207E-01
6.863317E+02 6.814337E-01
6.902513E+02 6.718682E-01
6.941709E+02 6.625173E-01
6.980905E+02 6.533742E-01
7.020101E+02 6.444323E-01
7.059296E+02 6.356854E-01
7.098492E+02 6.271277E-01
7.137688E+02 6.187533E-01
7.176884E+02 6.105567E-01
7.216080E+02 6.025326E-01
7.255276E+02 5.946760E-01
7.294472E+02 5.869820E-01
7.333668E+02 5.794458E-01
7.372864E+02 5.720630E-01
7.412060E+02 5.648291E-01
7.451256E+02 5.577399E-01
7.490452E+02 5.507915E-01
7.529648E+02 5.439798E-01
7.568844E+02 5.373013E-01
7.608040E+02 5.307521E-01
7.647236E+02 5.243289E-01
7.686432E+02 5.180283E-01
7.725628E+02 5.118469E-01
7.764824E+02 5.057817E-01
7.804020E+02 4.998296E-01
7.843216E+02 4.939877E-01
7.882412E+02 4.882531E-01
7.921608E+02 4.826231E-01
7.960804E+02 4.770951E-01
8.000000E+02 4.716664E-01
